 XF =   0.000 - XG =   0.000
 YF =   0.000 - YG =   0.000
 ZF = -62.066 - ZG = -89.915
 Displacement =  0.8018992E+04
 Waterplane area =  0.3314084E+02
