 XF =   0.000 - XG =   0.000
 YF =   0.000 - YG =   0.000
 ZF =  -1.276 - ZG =  -0.720
 Displacement =  0.8700942E+03
 Waterplane area =  0.3465080E+03
